8.55,-2.25
10.15,0.75
11.86,2.25
13.44,-2.25
14.95,-0.75
16.36,-2.25
18.07,-0.75
19.69,0.75
21.14,0.75
22.78,-2.25
24.47,0.75
26.07,0.75
29.18,2.25
29.18,-0.75
32.00,-2.25
32.00,2.25
33.90,2.25,35.88
38.34,2.25
41.13,0.75
42.62,0.75
44.37,-0.75
45.99,2.25
45.99,-2.25
47.51,2.25
49.09,0.75
50.33,-0.75,51.86
53.14,2.25
53.14,-0.75
54.72,-2.25
56.34,-0.75
58.15,-0.75
59.82,-2.25
59.82,0.75
61.50,-2.25
61.50,2.25
63.42,-0.75
65.02,0.75
66.52,-0.75
68.16,0.75
69.57,0.75
72.66,-0.75
72.66,0.75
74.01,2.25
75.71,-2.25
76.97,-2.25,78.46
81.47,-2.25,83.29
84.42,2.25
85.76,-0.75
85.76,2.25
87.32,2.25
88.75,-2.25
90.26,-0.75
91.73,0.75
91.73,-0.75
93.40,2.25
93.40,0.75
94.68,2.25
96.23,2.25
96.23,-0.75
97.73,2.25
101.23,0.75,102.70
103.96,2.25
103.96,-2.25
105.49,2.25
105.49,-2.25
107.03,-0.75
108.46,-0.75
109.99,-0.75
111.45,-0.75
113.05,2.25
114.45,-0.75
115.93,2.25
117.46,2.25
119.04,-0.75
119.04,2.25
120.55,0.75
120.55,-2.25
122.05,0.75
123.39,-0.75
125.01,0.75,126.68
128.98,0.75
130.41,0.75
131.48,-0.75,133.01
134.08,-0.75
135.45,-0.75
136.98,-2.25
136.98,-0.75
138.43,0.75
139.97,0.75
139.97,-2.25
141.42,-0.75
142.93,2.25
144.41,2.25,146.26
147.46,-0.75
148.99,0.75
150.42,2.25,151.94
153.41,-2.25
154.82,-0.75,156.63
157.91,2.25
159.51,-0.75
159.51,2.25
160.94,0.75
162.54,0.75
163.95,-2.25
165.44,0.75
166.93,-0.75
168.60,2.25
169.98,2.25
171.46,-2.25
172.97,-0.75
174.76,-2.25
175.70,2.25,177.54
178.90,2.25,180.93
181.93,2.25
183.55,2.25
183.55,0.75
184.96,-2.25
186.45,-2.25,188.61
189.48,0.75
190.95,-2.25
192.43,0.75
193.92,2.25
195.39,2.25
196.91,0.75
198.42,0.75
198.42,-2.25
200.04,0.75,202.69
204.33,-2.25
207.47,0.75
208.92,-0.75
210.47,2.25
212.12,2.25
213.48,-0.75
214.95,-2.25
216.45,-2.25
218.03,-2.25
219.52,-2.25
220.97,-2.25
222.42,-2.25
224.06,2.25,225.60
226.99,-0.75
226.99,2.25
228.42,0.75
230.10,-2.25
230.10,0.75
231.47,2.25
232.98,-0.75
232.98,-2.25
234.39,2.25
236.07,-2.25
236.07,-0.75
237.40,-0.75
238.91,-2.25
240.38,-2.25
242.01,2.25,243.54
245.03,-2.25
246.40,-0.75
247.98,2.25
249.41,-0.75
253.93,-0.75
253.93,-2.25
255.40,-2.25
256.92,-2.25
258.47,-2.25
258.47,0.75
259.99,-0.75
261.59,-2.25
263.10,-0.75
264.53,-0.75
